1605506014
1605506290
1605573572
1605580411
1605580425
1605580713
1605580998
1605581848
1605581991
1605677865
1605678666
1605834942
1606286189
1606365805
1606366261
1606366386
1606451447
1606451730
1606789561
1606791346
1606799327
1606887860
1606917541
1607389455
1607390133
1607390302
1607390419
1607652422
1607652829
1607656058
1608010229
1608093673
1608094169
1608169463
1608185325
1608270987
1608271081
1609135335
1609135614
1609135811
1609135894
1609161496
1609163583
1609209758
1609913510
1609913816
1610094272
1610094458
1610352993
1610354113
1610354722
1610427700
1610427966
1610432837
1610436268
1610437240
1610544451
1610544871
1610588343
1610588480
1610588524
1610588773
1610589476
1610589744
1610699884
1611014166
1611042581
1611042996
1611043301
1611044220
1611044324
1611044420
1611328904
1611496880
1611604982
1611605530
1611606470
1611607087
1611664767
1611711106
1611805451
1611889544
1612442476
1612443036
1612509598
1612509718
1612512904
1612522754
1612530011
1612859602
1612860083
1612860102
1612860496
1612871826
1612885177
1612935623
1613051459
1613138608
1613383481
1613443722
1613456151
1613456666
1613457112
1613457495
1613457772
1613462875
1613463275
1613463618
1613463745
1613527735
1613542311
1613542475
1613542639
1613542889
1613543012
1613544739
1613544966
1613545231
1613545454
1613545621
1613545683
1613545937
1613545986
1613546174
1613546198
1613547468
1613548102
1613548629
1613562919
1613563612
1613608700
1613628164
1613628357
1613628551
1613628630
1613629192
1613629259
1613629348
1613629587
1613629591
1613629709
1613630250
1613630358
1613630646
1613630715
1613630911
1613631158
1613650293
1613650645
1613651106
1613702404
1613711390
1613711882
1613714470
1613715049
1613715392
1613716189
1613716371
1613716599
1613716640
1613717364
1613717608
1613717640
1613717791
1613717946
1613717989
1613718284
1613719197
1613719499
1613719999
1613720794
1613721018
1613721402
1613821471
1613821860
1613874478
1613877091
1613882200
1613882683
1613884230
1613884883
1613885244
1613885546
1613886034
1613887548
1613888455
1613890574
1613891047
1613891401
1613960450
1613966609
1613974323
1613974835
1613975193
1613975672
1613981278
1613981660
1613982181
1614049437
1614061821
1614062255
1614064154
1614064536
1614064830
1614065008
1614065220
1614066297
1614066529
1614067121
1614145809
1614146477
1614147162
1614147174
1614147630
1614147779
1614147868
1614147955
1614148143
1614148991
1614149399
1614149474
1614149694
1614150039
1614154949
1614155272
1614156010
1614233056
1614233224
1614233697
1614233986
1614234231
1614234238
1614234629
1614234981
1614235499
1614235664
1614236035
1614238114
1614238863
1614239049
1614239278
1614299047
1614300913
1614302526
1614306639
1614307390
1614309930
1614314613
1614315048
1614398327
1614398766
1614399275
1614400352
1614400697
1614401344
1614401828
1614402625
1614402887
1614405172
1614411552
1614486679
1614487814
1614496067
1614497460
1614667414
1614667836
1614668274
1614671679
1614671734
1614672541
1614673035
1614673598
1614756192
1614756362
1614756522
1614756716
1614756729
1614757040
1614757201
1614757543
1614824975
1614825506
1614825849
1614826200
1614826315
1614826733
1614830238
1614838440
1614842556
1614930823
1614930860
1614931284
1614931508
1614931617
1614931950
1614932491
1614932906
1614997486
1614999656
1615008259
1615008805
1615009062
1615009537
1615011131
1615014210
1615086517
1615086770
1615091966
1615092545
1615095736
1615097378
1615100083
1615100946
1615101816
1615102256
1615182657
1615182975
1615183065
1615183281
1615183440
1615183717
1615183844
1615184236
1615187512
1615188352
1615188608
1615188836
1615189222
1615263554
1615263863
1615264354
1615264590
1615264902
1615265196
1615265280
1615265356
1615265418
1615265533
1615347881
1615347968
1615348181
1615348594
1615348701
1615348896
1615349156
1615349371
1615349670
1615349803
1615365085
1615439960
1615440296
1615440413
1615440491
1615441948
1615442200
1615442591
1615443106
1615445293
1615445653
1615526984
1615527202
1615527326
1615530178
1615530774
1615942499
1615953101
1615953330
1615953522
1615953750
1615953886
1615958108
1615959044
1615959274
1615959371
1615959501
1615959631
1615959784
1615960859
1616036672
1616039094
1616042082
1616042546
1616042668
1616042835
1616042909
1616043080
1616043299
1616043566
1616051553
1616051739
1616052225
1616053385
1616053427
1616053479
1616053799
1616067046
1616138181
1616139080
1616139494
1616139728
1616139963
1616213678
1616214979
1616216753
1616217364
1616217703
1616218042
1616218128
1616218524
1616221447
1616312158
1616556329
1616556338
1616556671
1616557041
1616557146
1616558285
1616558478
1616558534
1616558722
1616564272
1616739344
1616739477
1616739860
1616739925
1616740014
1616740488
1616740575
1616740815
1616740900
1616741145
1617071973
1617087955
1617173485
1617173552
1617173660
1617173965
1617174129
1617174274
1617174410
1617174763
1617340720
1617348625
1617349022
1617349247
1617349554
1617350072
1617350169
1617350502
1617350630
1617350838
1617351129
1617351202
1617351225
1617351831
1617352114
1617355390
1617355964
1617356784
1617590684
1617610616
1617611025
1617611474
1617611749
1617611945
1617611955
1617613585
1617626590
1617693426
1617694522
1617694766
1617695053
1617695565
1617696129
1617696997
1617698486
1617698702
1617698981
1617699209
1617699221
1617778634
1617779178
1617847893
1617849238
1617850157
1617850813
1617852680
1617853348
1617858989
1617859169
1617859342
1617859486
1617859632
1617871374
1617871624
1617957118
1617957689
1617958087
1618065067
1618201682
1618208437
1618208648
1618208726
1618208777
1618208894
1618209105
1618209462
1618209648
1618209746
1618209905
1618210017
1618210406
1618210504
1618210689
1618210784
1618211476
1618211760
1618215649
1618216839
1618216921
1618217007
1618281502
1618282189
1618282583
1618290503
1618290830
1618291040
1618291264
1618291449
1618291683
1618292158
1618292359
1618292687
1618292884
1618293122
1618293290
1618293589
1618293716
1618293845
1618293943
1618294817
1618295119
1618295284
1618295437
1618296698
1618297081
1618297622
1618297752
1618297866
1618297992
1618298130
1618298228
1618298338
1618298446
1618298790
1618299053
1618299212
1618299340
1618299449
1618299539
1618299616
1618300025
1618300118
1618300479
1618300843
1618301247
1618301443
1618301671
1618301816
1618301959
1618302110
1618302222
1618302327
1618302436
1618302547
1618302747
1618302810
1618302896
1618302976
1618303088
1618381866
1618382053
1618382918
1618446851
1618447569
1618447934
1618448340
1618448641
1618449034
1618450168
1618450357
1618462499
1618464209
1618464534
1618464700
1618466027
1618466259
1618467496
1618806136
1618815179
1618815479
1618817154
1618817355
1618817533
1618883396
1618884739
1618884823
1618885665
1618886485
1618887337
1618892574
1618893926
1618894797
1618895109
1618896012
1618986286
1618986529
1618986638
1618986730
1618986849
1618987902
1618988048
1619061412
1619074473
1619075218
1619076353
1619077329
1619077590
1619077894
1619077931
1619078188
1619165348
1619165584
1619165788
1619420747
1619422037
1619493857
1619497767
1619498418
1619498822
1619499784
1619505622
1619505928
1619506127
1619506287
1619506490
1619506800
1619506964
1619572070
1619574155
1619574783
1619574969
1619576198
1619576421
1619576821
1619576967
1619577172
1619577442
1619577905
1619579130
1619579391
1619579614
1619579881
1619579994
1619580143
1619580314
1619677089
1619677442
1619681799
1619684272
1619764304
1619798771
1620011145
1620017236
1620017768
1620091871
1620092234
1620092407
1620104138
1620104285
1620104402
1620104513
1620104606
1620365680
1620365910
1620366251
1620366432
1620369170
1620369399
1620369720
1620370113
1620615346
1620633903
1620634257
1620634654
1620635056
1620635340
1620635576
1620720083
1620720294
1620720354
1620720481
1620720563
1620720789
1620806770
1620806942
1620807693
1620807882
1620807984
1620808148
1620891437
1620891547
1620891656
1620891793
1620892033
1620892506
1620983423
1621238949
1621239049
1621239194
1621239302
1621239397
1621240610
1621241271
1621241736
1621312470
1621313733
1621323531
1621323935
1621324957
1621325072
1621325210
1621325351
1621325560
1621497932
1621498031
1621498139
1621498272
1621498450
1621576665
1621577103
1621577371
1621583621
1621583738
1621583883
1621583998
1621584823
1621584998
1621844176
1621844349
1621844500
1621844702
1621844989
1621906902
1621907984
1621908340
1621930162
1621930273
1621930386
1621930532
1621930679
1621994060
1621998144
1621998766
1621998933
1621999461
1622000041
1622018121
1622018208
1622018304
1622018411
1622018516
1622082270
1622082696
1622082817
1622082924
1622083002
1622083085
1622083169
1622083374
1622083561
1622100921
1622101040
1622101123
1622101238
1622101346
1622170412
1622170627
1622170719
1622170823
1622171053
1622171463
1622171600
1622610905
1623131661
1623140037
1623140301
1623140432
1623140745
1623140812
1623201230
1623201392
1623201508
1623201637
1623201842
1623202119
1623225684
1623225786
1623225901
1623226000
1623226094
1623228367
1623228941
1623229471
1623229766
1623229943
1623230138
1623659997
1623660578
1623724144
1623724915
1623725217
1623820809
1623832557
1623833205
1623833471
1623909471
1624259480
1624259564
1624259679
1624348131
1624526079
1624936495
1625034849
1625035200
1625035613
1625035792
1625036503
1625036616
1625037161
1625037444
1625037592
1625100336
1625126725
1625126856
1625126967
1625127098
1625127162
1625129614
1625129791
1625130175
1625130419
1625183366
1625212220
1625212314
1625212462
1625212545
1625212658
1625212753
1625449605
1625449771
1625449975
1625450280
1625450629
1625450845
1625451434
1625451748
1625470386
1625470685
1625470861
1625471248
1625471475
1625471532
1625472229
1625472346
1625472444
1625472528
1625472620
